110 1.64342e-06
210 1.79472e-06
310 1.94602e-06
410 2.09733e-06
510 2.24863e-06
610 2.39993e-06
710 2.55124e-06
810 2.70254e-06
910 2.85384e-06
1010 3.00515e-06
1110 3.15645e-06
1210 3.30775e-06
1310 3.45906e-06
1410 3.61036e-06
1510 3.76166e-06
1610 3.91297e-06
1710 4.06427e-06
1810 4.21557e-06
1910 4.36687e-06
2010 4.51818e-06
2110 4.66948e-06
2210 4.82078e-06
2310 4.97209e-06
2410 5.12339e-06
2510 5.27469e-06
2610 5.426e-06
2710 5.5773e-06
2810 5.7286e-06
2910 5.87991e-06
3010 6.03121e-06
3110 6.18251e-06
3210 6.33382e-06
3310 6.48512e-06
3410 6.63642e-06
3510 6.78773e-06
3610 6.93903e-06
3710 7.09033e-06
3810 7.24163e-06
3910 7.39294e-06
4010 7.54424e-06
4110 7.69554e-06
4210 7.84685e-06
4310 7.99815e-06
4410 8.14945e-06
4510 8.30076e-06
4610 8.45206e-06
4710 8.60336e-06
4810 8.75467e-06
4910 8.90597e-06
5010 9.05727e-06
5110 9.20858e-06
5210 9.35988e-06
5310 9.51118e-06
5410 9.66249e-06
5510 9.81379e-06
5610 9.96509e-06
5710 1.01164e-05
5810 1.02677e-05
5910 1.0419e-05
6010 1.05703e-05
6110 1.07216e-05
6210 1.08729e-05
6310 1.10242e-05
6410 1.11755e-05
6510 1.13268e-05
6610 1.14781e-05
6710 1.16294e-05
6810 1.17807e-05
6910 1.1932e-05
7010 1.20833e-05
7110 1.22346e-05
7210 1.23859e-05
7310 1.25372e-05
7410 1.26885e-05
7510 1.28399e-05
7610 1.29912e-05
7710 1.31425e-05
7810 1.32938e-05
7910 1.34451e-05
8010 1.35964e-05
8110 1.37477e-05
8210 1.3899e-05
8310 1.40503e-05
8410 1.42016e-05
8510 1.43529e-05
8610 1.45042e-05
8710 1.46555e-05
8810 1.48068e-05
8910 1.49581e-05
9010 1.51094e-05
9110 1.52607e-05
9210 1.5412e-05
9310 1.55633e-05
9410 1.57146e-05
9510 1.58659e-05
9610 1.60172e-05
9710 1.61685e-05
9810 1.63198e-05
9910 1.64711e-05
