    3 15 7 2 10 22 11 9 18 25 14 4 21 20 1
    8 6 12 1 19 24 5 15 13 10 2 23 11 25 4
    19 8 7 1 14 3 10 24 16 13 11 5 20 2 25
    12 17 22 5 15 9 25 3 6 20 23 2 8 1 16
    24 10 14 8 15 3 17 2 1 5 6 21 12 18 25
    11 8 1 15 5 7 9 20 22 6 18 13 3 16 25
    23 6 10 21 8 13 25 19 3 17 15 11 7 5 2
    18 9 1 23 14 22 6 4 15 2 8 11 16 13 25
    7 24 15 8 11 20 16 3 5 1 14 2 18 21 25
    13 6 9 3 25 7 11 8 21 4 16 2 14 10 23
    5 1 12 10 25 3 17 21 14 6 16 23 19 15 8
    2 11 9 20 13 18 25 15 5 10 12 22 7 3 16
    14 23 9 17 6 3 15 21 1 12 7 10 2 20 25
    8 14 6 12 18 25 3 10 2 16 11 7 1 21 13
    22 9 3 14 25 7 1 8 18 13 16 21 10 15 11
    4 19 14 8 15 23 11 2 6 25 5 7 10 1 20
    16 21 8 12 2 14 25 11 3 20 5 10 6 17 1
    9 5 3 11 1 18 24 15 13 2 21 10 12 8 25
    22 7 13 9 3 11 1 16 25 14 2 15 20 10 5
    1 8 19 5 13 11 3 25 18 2 9 6 22 15 10
    14 9 5 19 23 8 11 6 21 25 1 3 16 20 15
    10 2 18 5 8 16 25 20 6 12 23 11 14 7 1
    12 4 9 1 17 6 15 22 11 7 3 25 18 5 21
    20 3 10 8 19 14 1 9 16 25 7 12 4 6 22
    13 7 21 9 18 5 15 25 3 10 16 11 8 2 12
    22 4 11 1 13 8 3 17 21 6 2 10 15 19 25
    9 15 5 21 7 11 16 2 25 6 20 3 10 1 18
    14 8 19 1 10 3 25 15 6 16 2 12 7 11 21
    4 9 15 22 11 3 5 18 20 1 14 2 10 7 25
    12 8 2 9 16 20 15 1 7 25 14 10 3 11 6
    23 6 10 20 1 16 8 25 15 7 21 5 13 2 12
    19 4 14 8 2 13 11 21 15 7 23 5 16 3 25
    10 6 25 16 2 8 15 12 5 7 21 1 14 3 9
    22 15 8 12 5 10 16 25 3 7 21 1 18 11 2
    9 14 3 11 25 8 6 16 21 2 10 18 5 1 13
    22 15 8 3 1 14 11 10 2 25 7 6 18 5 12
    16 23 8 5 13 11 25 3 1 20 7 10 2 15 18
    9 21 1 13 16 5 8 15 18 3 10 25 14 11 2
    20 12 22 6 18 25 8 10 2 5 15 21 3 1 14
    16 23 7 12 25 15 3 1 14 2 8 6 21 11 10
    9 18 5 14 8 25 3 16 20 1 11 2 10 7 15
    22 6 12 5 11 8 25 3 10 1 16 20 14 2 7
    17 13 22 5 15 11 25 3 7 20 14 2 10 8 18
    16 23 5 15 8 25 3 10 1 14 7 21 18 2 11
    12 9 15 8 11 21 6 2 16 25 3 7 1 14 10
    13 18 5 11 2 15 25 8 21 1 14 10 3 16 7
    22 6 20 12 15 3 10 2 16 8 25 14 1 7 18
    19 9 21 14 8 25 5 15 1 11 6 2 10 3 16
    13 23 1 15 8 18 11 25 6 2 20 3 7 14 16
    22 5 9 13 16 11 25 3 20 15 8 18 1 6 10
    12 14 6 20 8 25 2 1 10 15 18 7 11 3 16
    23 9 15 3 11 1 16 8 21 6 13 10 25 5 20
    17 13 15 8 18 21 25 1 6 11 3 16 7 10 2
    22 12 3 8 16 11 1 21 15 10 7 5 25 20 14
    9 15 8 11 1 20 3 21 5 2 25 6 10 14 18
    22 13 9 15 18 2 7 25 1 11 3 16 6 20 8
    14 5 15 7 21 25 3 8 2 11 18 1 10 16 12
    9 23 13 6 15 21 8 25 2 3 10 16 7 11 20
    22 1 14 5 15 10 21 6 18 8 25 2 11 16 3
    9 23 13 3 15 7 8 18 1 25 10 14 21 2 11
    22 5 9 15 8 21 6 10 25 2 18 11 1 16 7
    13 3 16 25 8 21 11 6 2 10 15 7 18 5


