10 1.221e-07
20 1.261e-07
30 1.321e-07
40 1.412e-07
50 1.492e-07
60 1.537e-07
70 1.431e-07
80 1.416e-07
90 1.221e-07
100 1.422e-07
110 1.458e-07
120 9.59e-08
130 1.497e-07
140 9.36e-08
150 1.25e-07
160 1.631e-07
170 1.613e-07
180 1.658e-07
190 1.773e-07
200 1.702e-07
210 1.068e-07
220 9.91e-08
230 1.692e-07
240 8.98e-08
250 1.811e-07
260 1.898e-07
270 1.072e-07
280 1.796e-07
290 1.046e-07
300 2.047e-07
310 1.958e-07
320 2.191e-07
330 2.194e-07
340 2.238e-07
350 1.782e-07
360 2.312e-07
370 2.309e-07
380 1.77e-07
390 2.345e-07
400 2.383e-07
410 2.417e-07
420 1.685e-07
430 2.418e-07
440 2.321e-07
450 2.278e-07
460 2.459e-07
470 2.52e-07
480 2.524e-07
490 2.561e-07
500 2.676e-07
510 2.638e-07
520 2.678e-07
530 8.28e-08
540 2.524e-07
550 2.777e-07
560 2.692e-07
570 2.331e-07
580 2.883e-07
590 1.522e-07
600 1.624e-07
610 2.994e-07
620 3.006e-07
630 3.058e-07
640 3.092e-07
650 3.127e-07
660 3.163e-07
670 3.189e-07
680 1.599e-07
690 2.575e-07
700 3.301e-07
710 3.346e-07
720 3.374e-07
730 1.161e-07
740 3.445e-07
750 3.485e-07
760 2.313e-07
770 3.556e-07
780 3.599e-07
790 3.644e-07
800 3.668e-07
810 3.715e-07
820 3.745e-07
830 3.789e-07
840 1.628e-07
850 3.86e-07
860 2.316e-07
870 3.931e-07
880 3.972e-07
890 4.007e-07
900 4.059e-07
910 4.077e-07
920 4.181e-07
930 4.185e-07
940 1.818e-07
950 4.242e-07
960 2.36e-07
970 4.342e-07
980 4.396e-07
990 4.456e-07
1000 4.474e-07
1010 3.555e-07
1020 4.569e-07
1030 4.625e-07
1040 4.636e-07
1050 1.637e-07
1060 2.269e-07
1070 4.803e-07
1080 4.856e-07
1090 3.052e-07
1100 4.952e-07
1110 4.976e-07
1120 5.048e-07
1130 5.076e-07
1140 2.324e-07
1150 5.153e-07
1160 3.629e-07
1170 5.258e-07
1180 5.302e-07
1190 5.354e-07
1200 5.406e-07
1210 5.457e-07
1220 5.5e-07
1230 5.559e-07
1240 5.54e-07
1250 5.636e-07
1260 5.687e-07
1270 2.138e-07
1280 9.76e-08
1290 2.315e-07
1300 5.865e-07
1310 5.913e-07
1320 5.937e-07
1330 6.012e-07
1340 6.024e-07
1350 6.1e-07
1360 6.145e-07
1370 6.186e-07
1380 1.643e-07
1390 2.421e-07
1400 6.317e-07
1410 6.378e-07
1420 6.463e-07
1430 6.455e-07
1440 6.505e-07
1450 1.819e-07
1460 6.601e-07
1470 6.632e-07
1480 6.698e-07
1490 6.417e-07
1500 6.83e-07
1510 6.364e-07
1520 6.868e-07
1530 6.891e-07
1540 6.958e-07
1550 4.857e-07
1560 1.546e-07
1570 7.095e-07
1580 3.39e-07
1590 7.185e-07
1600 7.232e-07
1610 7.276e-07
1620 7.327e-07
1630 7.374e-07
1640 7.428e-07
1650 7.485e-07
1660 7.515e-07
1670 7.565e-07
1680 7.605e-07
1690 6.704e-07
1700 7.697e-07
1710 7.741e-07
1720 7.784e-07
1730 7.836e-07
1740 7.907e-07
1750 1.196e-07
1760 2.803e-07
1770 8.066e-07
1780 4.276e-07
1790 8.169e-07
1800 8.209e-07
1810 8.328e-07
1820 6.611e-07
1830 8.356e-07
1840 8.412e-07
1850 2.401e-07
1860 8.525e-07
1870 8.578e-07
1880 1.366e-07
1890 8.67e-07
1900 8.938e-07
1910 4.336e-07
1920 8.849e-07
1930 8.879e-07
1940 8.907e-07
1950 8.94e-07
1960 7.833e-07
1970 9.032e-07
1980 2.796e-07
1990 9.128e-07
2000 8.318e-07
2010 1.571e-07
2020 3.622e-07
2030 9.298e-07
2040 2.628e-07
2050 4.363e-07
2060 9.461e-07
2070 9.486e-07
2080 8.32e-08
2090 4.537e-07
2100 9.623e-07
2110 9.652e-07
2120 8.651e-07
2130 9.751e-07
2140 9.827e-07
2150 1.154e-07
2160 9.905e-07
2170 1.0004e-06
2180 3.093e-07
2190 1.0012e-06
2200 1.0072e-06
2210 1.0119e-06
2220 1.0144e-06
2230 1.0191e-06
2240 1.0338e-06
2250 1.457e-07
2260 1.0349e-06
2270 7.435e-07
2280 1.0444e-06
2290 5.291e-07
2300 1.0536e-06
2310 1.0592e-06
2320 1.0635e-06
2330 8.57e-08
2340 1.0721e-06
2350 1.0792e-06
2360 3.326e-07
2370 1.0929e-06
2380 1.0894e-06
2390 1.097e-06
2400 1.1044e-06
2410 1.1081e-06
2420 1.1158e-06
2430 3.765e-07
2440 1.724e-07
2450 1.1282e-06
2460 1.1345e-06
2470 1.1454e-06
2480 1.1448e-06
2490 1.1512e-06
2500 1.1562e-06
2510 1.1548e-06
2520 1.1735e-06
2530 1.1706e-06
2540 1.1744e-06
2550 7.077e-07
2560 1.1993e-06
2570 3.496e-07
2580 1.614e-07
2590 5.05e-07
2600 1.2032e-06
2610 1.2032e-06
2620 4.738e-07
2630 1.2382e-06
2640 1.2264e-06
2650 1.2274e-06
2660 1.2264e-06
2670 8.843e-07
2680 2.349e-07
2690 1.2495e-06
2700 1.2557e-06
2710 1.378e-07
2720 1.2617e-06
2730 1.2685e-06
2740 2.843e-07
2750 1.2727e-06
2760 4.246e-07
2770 7.582e-07
2780 1.1126e-06
2790 1.2897e-06
2800 1.2893e-06
2810 1.3057e-06
2820 1.3109e-06
2830 1.3173e-06
2840 6.884e-07
2850 1.3157e-06
2860 1.0233e-06
2870 1.712e-07
2880 1.3265e-06
2890 1.3389e-06
2900 2.828e-07
2910 1.346e-06
2920 1.3546e-06
2930 1.3537e-06
2940 5.711e-07
2950 2.781e-07
2960 4.429e-07
2970 1.3771e-06
2980 1.3812e-06
2990 1.1945e-06
3000 1.3918e-06
3010 1.3923e-06
3020 1.4082e-06
3030 1.079e-07
3040 1.4144e-06
3050 1.4179e-06
3060 1.408e-06
3070 6.799e-07
3080 1.4347e-06
3090 1.449e-06
3100 1.437e-06
3110 1.4452e-06
3120 1.2748e-06
3130 1.4569e-06
3140 1.4779e-06
3150 1.4718e-06
3160 1.4727e-06
3170 5.178e-07
3180 1.4975e-06
3190 1.4929e-06
3200 1.4984e-06
3210 6.435e-07
3220 1.49e-06
3230 1.0215e-06
3240 1.5029e-06
3250 3.926e-07
3260 1.6025e-06
3270 1.5706e-06
3280 1.786e-07
3290 6.496e-07
3300 1.6944e-06
3310 1.5473e-06
3320 1.5521e-06
3330 1.5774e-06
3340 1.5565e-06
3350 1.5778e-06
3360 1.5679e-06
3370 5.927e-07
3380 1.5786e-06
3390 1.5838e-06
3400 1.584e-06
3410 1.6013e-06
3420 1.5892e-06
3430 8.732e-07
3440 1.6132e-06
3450 5.041e-07
3460 7.818e-07
3470 7.076e-07
3480 1.6434e-06
3490 1.6311e-06
3500 1.6342e-06
3510 1.6469e-06
3520 1.6536e-06
3530 3.73e-07
3540 1.6618e-06
3550 1.6594e-06
3560 1.6695e-06
3570 1.6667e-06
3580 1.6705e-06
3590 1.6913e-06
3600 2.484e-07
3610 1.6846e-06
3620 1.6961e-06
3630 1.7073e-06
3640 1.7109e-06
3650 1.6992e-06
3660 6.044e-07
3670 1.7074e-06
3680 7.448e-07
3690 5.579e-07
3700 1.7231e-06
3710 9.834e-07
3720 1.7322e-06
3730 1.751e-06
3740 1.7502e-06
3750 1.554e-06
3760 1.376e-06
3770 1.7766e-06
3780 1.7701e-06
3790 9.21e-07
3800 1.7774e-06
3810 2.735e-07
3820 1.7883e-06
3830 1.5734e-06
3840 6.483e-07
3850 1.8188e-06
3860 2.4e-07
3870 1.0862e-06
3880 1.8183e-06
3890 1.8115e-06
3900 1.0426e-06
3910 1.8506e-06
3920 2.061e-06
3930 2.1583e-06
3940 5.442e-07
3950 4.557e-07
3960 5.466e-07
3970 8.527e-07
3980 2.0558e-06
3990 2.0058e-06
4000 2.1765e-06
4010 1.9864e-06
4020 2.373e-07
4030 1.2037e-06
4040 1.8871e-06
4050 6.052e-07
4060 1.9077e-06
4070 1.4758e-06
4080 1.9064e-06
4090 2.291e-07
4100 1.9258e-06
4110 1.9185e-06
4120 1.9348e-06
4130 1.9286e-06
4140 1.9362e-06
4150 1.9457e-06
4160 1.747e-06
4170 1.9534e-06
4180 8.776e-07
4190 1.417e-07
4200 1.9743e-06
4210 6.112e-07
4220 1.9799e-06
4230 1.8834e-06
4240 1.4196e-06
4250 1.1414e-06
4260 9.389e-07
4270 2.0147e-06
4280 1.2933e-06
4290 2.0261e-06
4300 1.2113e-06
4310 2.0264e-06
4320 2.0391e-06
4330 2.0304e-06
4340 2.0309e-06
4350 1.3227e-06
4360 1.483e-07
4370 1.309e-07
4380 2.0627e-06
4390 2.0593e-06
4400 1.6638e-06
4410 2.0731e-06
4420 2.0667e-06
4430 2.0782e-06
4440 2.0763e-06
4450 9.76e-07
4460 2.0806e-06
4470 2.1032e-06
4480 1.1151e-06
4490 1.3261e-06
4500 2.1115e-06
4510 2.1046e-06
4520 2.1135e-06
4530 2.307e-06
4540 2.1291e-06
4550 1.1819e-06
4560 2.1296e-06
4570 1.7915e-06
4580 2.146e-06
4590 2.1481e-06
4600 9.01e-08
4610 3.777e-07
4620 9.467e-07
4630 2.0159e-06
4640 2.1754e-06
4650 2.1821e-06
4660 2.181e-06
4670 2.1686e-06
4680 2.1879e-06
4690 2.1944e-06
4700 2.1993e-06
4710 2.1865e-06
4720 2.1914e-06
4730 2.2194e-06
4740 2.2097e-06
4750 2.2148e-06
4760 8.035e-07
4770 2.2376e-06
4780 2.2422e-06
4790 7.43e-07
4800 2.2379e-06
4810 2.2384e-06
4820 2.2399e-06
4830 2.2501e-06
4840 2.2575e-06
4850 2.2652e-06
4860 2.2732e-06
4870 2.273e-06
4880 2.2732e-06
4890 2.2744e-06
4900 2.2873e-06
4910 1.6976e-06
4920 2.3026e-06
4930 2.3023e-06
4940 2.3025e-06
4950 2.3063e-06
4960 4.441e-07
4970 2.3212e-06
4980 2.3319e-06
4990 1.399e-07
5000 8.97e-08
5010 2.3516e-06
5020 2.3625e-06
5030 2.356e-06
5040 2.3628e-06
5050 8.96e-08
5060 2.3677e-06
5070 8.689e-07
5080 2.3904e-06
5090 2.3903e-06
5100 2.3892e-06
5110 3.793e-07
5120 6.799e-07
5130 2.4224e-06
5140 2.4847e-06
5150 4.293e-07
5160 2.0794e-06
5170 2.4498e-06
5180 1.3403e-06
5190 2.627e-07
5200 2.4458e-06
5210 2.4531e-06
5220 2.4522e-06
5230 2.4577e-06
5240 2.4691e-06
5250 2.4632e-06
5260 2.4738e-06
5270 2.4806e-06
5280 2.4848e-06
5290 2.4629e-06
5300 1.1568e-06
5310 2.4746e-06
5320 2.4849e-06
5330 2.5039e-06
5340 8.08e-08
5350 2.5088e-06
5360 2.5163e-06
5370 2.5195e-06
5380 2.5221e-06
5390 2.5097e-06
5400 2.5265e-06
5410 7.801e-07
5420 2.5233e-06
5430 2.5487e-06
5440 2.5324e-06
5450 1.837e-06
5460 2.56e-06
5470 2.5734e-06
5480 2.5776e-06
5490 2.5778e-06
5500 2.589e-06
5510 1.1406e-06
5520 2.6259e-06
5530 2.5944e-06
5540 2.5914e-06
5550 2.6048e-06
5560 2.6092e-06
5570 1.152e-06
5580 2.6204e-06
5590 2.6127e-06
5600 3.3049e-06
5610 2.516e-07
5620 2.6769e-06
5630 2.6447e-06
5640 8.929e-07
5650 2.6439e-06
5660 2.6543e-06
5670 2.6556e-06
5680 2.643e-06
5690 2.558e-07
5700 2.6655e-06
5710 3.5588e-06
5720 2.6734e-06
5730 2.673e-06
5740 1.7095e-06
5750 2.6995e-06
5760 2.748e-06
5770 2.721e-06
5780 2.6995e-06
5790 2.8289e-06
5800 2.7167e-06
5810 8.048e-07
5820 2.7368e-06
5830 3.0499e-06
5840 2.7449e-06
5850 3.204e-07
5860 2.7608e-06
5870 6.579e-07
5880 2.7922e-06
5890 2.7778e-06
5900 8.993e-07
5910 2.7776e-06
5920 2.7731e-06
5930 4.317e-07
5940 3.0755e-06
5950 2.8512e-06
5960 2.9786e-06
5970 2.8826e-06
5980 1.632e-07
5990 2.3523e-06
6000 3.0108e-06
6010 2.9675e-06
6020 2.6494e-06
6030 2.9104e-06
6040 2.2308e-06
6050 1.132e-06
6060 2.6399e-06
6070 2.8932e-06
6080 1.2742e-06
6090 1.8218e-06
6100 3.0365e-06
6110 8.965e-07
6120 1.9318e-06
6130 2.9052e-06
6140 1.6422e-06
6150 2.9608e-06
6160 4.683e-07
6170 3.2747e-06
6180 7.342e-07
6190 4.167e-06
6200 3.4723e-06
6210 3.1029e-06
6220 1.5186e-06
6230 3.1308e-06
6240 1.9625e-06
6250 2.1341e-06
6260 3.1537e-06
6270 3.1537e-06
6280 2.1831e-06
6290 3.1985e-06
6300 7.427e-07
6310 2.9859e-06
6320 2.96e-06
6330 2.9569e-06
6340 2.955e-06
6350 2.958e-06
6360 2.9758e-06
6370 2.9727e-06
6380 3.0223e-06
6390 3.0651e-06
6400 3.03e-06
6410 2.8548e-06
6420 3.0402e-06
6430 3.0255e-06
6440 3.0281e-06
6450 8.33e-07
6460 3.0064e-06
6470 3.0178e-06
6480 3.0329e-06
6490 1.8096e-06
6500 1.6741e-06
6510 3.0347e-06
6520 3.0227e-06
6530 3.812e-07
6540 3.0388e-06
6550 3.0491e-06
6560 3.0525e-06
6570 7.155e-07
6580 3.0633e-06
6590 6.096e-07
6600 3.1954e-06
6610 1.859e-06
6620 3.0936e-06
6630 3.0887e-06
6640 1.7813e-06
6650 3.1099e-06
6660 1.304e-07
6670 7.684e-07
6680 3.1163e-06
6690 2.3339e-06
6700 3.1349e-06
6710 3.1322e-06
6720 3.1141e-06
6730 3.1308e-06
6740 3.4663e-06
6750 1.8343e-06
6760 3.3064e-06
6770 3.3294e-06
6780 3.1877e-06
6790 3.6047e-06
6800 3.5575e-06
6810 3.5535e-06
6820 3.559e-06
6830 2.8859e-06
6840 3.5523e-06
6850 3.5793e-06
6860 3.4495e-06
6870 3.5639e-06
6880 1.378e-07
6890 3.6477e-06
6900 1.926e-07
6910 3.13e-07
6920 3.5159e-06
6930 3.4509e-06
6940 3.3865e-06
6950 3.449e-06
6960 1.441e-06
6970 3.4972e-06
6980 3.5388e-06
6990 3.5197e-06
7000 3.4626e-06
7010 3.4798e-06
7020 1.2919e-06
7030 3.4591e-06
7040 4.707e-07
7050 3.4628e-06
7060 1.0103e-06
7070 1.6893e-06
7080 3.4529e-06
7090 6.209e-07
7100 3.4612e-06
7110 3.4527e-06
7120 3.4449e-06
7130 3.4717e-06
7140 3.4555e-06
7150 2.2416e-06
7160 3.5273e-06
7170 3.5102e-06
7180 1.0219e-06
7190 3.5626e-06
7200 4.103e-07
7210 8.699e-07
7220 3.7378e-06
7230 9.126e-07
7240 3.5837e-06
7250 3.193e-06
7260 3.5643e-06
7270 1.0904e-06
7280 3.5899e-06
7290 3.5252e-06
7300 4.629e-07
7310 3.5739e-06
7320 3.5917e-06
7330 3.59e-06
7340 3.592e-07
7350 7.577e-07
7360 3.5825e-06
7370 3.6193e-06
7380 1.4881e-06
7390 3.5808e-06
7400 3.5643e-06
7410 3.6349e-06
7420 2.285e-06
7430 7.497e-07
7440 3.5906e-06
7450 3.5918e-06
7460 2.6439e-06
7470 3.638e-06
7480 3.7162e-06
7490 3.7776e-06
7500 9.073e-07
7510 1.9946e-06
7520 3.7267e-06
7530 3.6753e-06
7540 3.6722e-06
7550 2.0065e-06
7560 1.9182e-06
7570 3.7022e-06
7580 3.8016e-06
7590 3.6966e-06
7600 2.212e-07
7610 3.1065e-06
7620 3.1256e-06
7630 3.7428e-06
7640 3.7018e-06
7650 2.1791e-06
7660 3.7178e-06
7670 2.9438e-06
7680 1.3911e-06
7690 3.7244e-06
7700 3.769e-06
7710 3.7375e-06
7720 3.7291e-06
7730 3.8013e-06
7740 3.749e-06
7750 3.8003e-06
7760 3.7641e-06
7770 3.7636e-06
7780 6.694e-07
7790 3.7961e-06
7800 3.8337e-06
7810 3.7862e-06
7820 2.2645e-06
7830 3.8006e-06
7840 3.8115e-06
7850 3.8268e-06
7860 3.7985e-06
7870 3.8697e-06
7880 3.8176e-06
7890 1.503e-07
7900 3.7074e-06
7910 3.6975e-06
7920 3.6977e-06
7930 3.7162e-06
7940 3.7303e-06
7950 2.7862e-06
7960 3.7123e-06
7970 1.7853e-06
7980 3.7459e-06
7990 3.7594e-06
8000 3.757e-06
8010 3.7632e-06
8020 2.9514e-06
8030 3.7371e-06
8040 3.7432e-06
8050 3.7538e-06
8060 3.7537e-06
8070 3.7813e-06
8080 3.7897e-06
8090 3.7703e-06
8100 3.1523e-06
8110 3.7789e-06
8120 3.7895e-06
8130 8.02e-08
8140 3.7873e-06
8150 3.7796e-06
8160 3.8015e-06
8170 2.2026e-06
8180 3.8055e-06
8190 3.8103e-06
8200 3.8151e-06
8210 7.414e-07
8220 3.8247e-06
8230 3.8446e-06
8240 4.0362e-06
8250 3.9579e-06
8260 4.0851e-06
8270 8.745e-07
8280 4.127e-06
8290 4.2536e-06
8300 4.2577e-06
8310 1.4067e-06
8320 4.1347e-06
8330 4.266e-06
8340 2.9242e-06
8350 4.2323e-06
8360 4.2071e-06
8370 4.3e-06
8380 1.659e-07
8390 4.3117e-06
8400 1.1172e-06
8410 4.1975e-06
8420 5.387e-07
8430 4.3435e-06
8440 4.2225e-06
8450 4.2146e-06
8460 3.9519e-06
8470 3.9597e-06
8480 8.599e-07
8490 1.5509e-06
8500 3.9841e-06
8510 3.99e-06
8520 3.995e-06
8530 3.9955e-06
8540 1.0772e-06
8550 3.9985e-06
8560 4.0164e-06
8570 4.0327e-06
8580 1.3166e-06
8590 2.5622e-06
8600 1.1246e-06
8610 4.0281e-06
8620 3.71e-06
8630 4.0353e-06
8640 4.0414e-06
8650 1.0272e-06
8660 3.7052e-06
8670 4.0571e-06
8680 4.0568e-06
8690 4.0628e-06
8700 1.7633e-06
8710 3.8761e-06
8720 3.1073e-06
8730 4.0854e-06
8740 3.7751e-06
8750 4.0801e-06
8760 4.0941e-06
8770 4.0978e-06
8780 4.1053e-06
8790 4.1093e-06
8800 2.272e-06
8810 4.1168e-06
8820 4.125e-06
8830 4.1306e-06
8840 2.074e-07
8850 4.1396e-06
8860 4.048e-06
8870 2.872e-07
8880 4.1517e-06
8890 4.1579e-06
8900 1.6154e-06
8910 2.7663e-06
8920 2.731e-07
8930 1.3582e-06
8940 4.1834e-06
8950 4.1877e-06
8960 4.1946e-06
8970 4.2115e-06
8980 3.1379e-06
8990 4.2069e-06
9000 4.2126e-06
9010 4.2193e-06
9020 4.2347e-06
9030 2.2152e-06
9040 4.2343e-06
9050 4.2651e-06
9060 4.245e-06
9070 4.2589e-06
9080 4.2672e-06
9090 4.2875e-06
9100 4.296e-06
9110 4.2992e-06
9120 4.3094e-06
9130 3.8207e-06
9140 1.8538e-06
9150 4.3125e-06
9160 2.4558e-06
9170 2.2786e-06
9180 1.5519e-06
9190 4.3271e-06
9200 4.3265e-06
9210 3.3433e-06
9220 4.3565e-06
9230 4.3517e-06
9240 4.3591e-06
9250 1.0655e-06
9260 4.3667e-06
9270 4.3771e-06
9280 6.446e-07
9290 4.3697e-06
9300 1.4138e-06
9310 4.3706e-06
9320 4.3887e-06
9330 4.3911e-06
9340 3.2004e-06
9350 4.3963e-06
9360 4.5848e-06
9370 4.4097e-06
9380 4.4139e-06
9390 4.4147e-06
9400 4.4205e-06
9410 1.71e-07
9420 4.4286e-06
9430 1.3547e-06
9440 4.4256e-06
9450 4.432e-06
9460 4.436e-06
9470 4.4504e-06
9480 4.4453e-06
9490 4.4481e-06
9500 4.4864e-06
9510 4.4573e-06
9520 2.807e-06
9530 4.4586e-06
9540 4.4721e-06
9550 1.295e-07
9560 4.4842e-06
9570 4.4803e-06
9580 1.3447e-06
9590 4.4921e-06
9600 2.4617e-06
9610 1.3112e-06
9620 4.283e-07
9630 4.5301e-06
9640 4.5314e-06
9650 4.5399e-06
9660 1.0858e-06
9670 4.5513e-06
9680 4.5419e-06
9690 6.39e-07
9700 4.5497e-06
9710 4.555e-06
9720 9.286e-07
9730 4.5604e-06
9740 4.5637e-06
9750 4.5663e-06
9760 4.5758e-06
9770 5.007e-06
9780 2.7836e-06
9790 3.1808e-06
9800 1.6112e-06
9810 8.446e-07
9820 5.9004e-06
9830 5.2066e-06
9840 3.0679e-06
9850 1.1632e-06
9860 4.6272e-06
9870 7.711e-07
9880 4.653e-06
9890 3.3112e-06
9900 4.6535e-06
9910 4.7182e-06
9920 4.206e-07
9930 4.6632e-06
9940 4.6811e-06
9950 4.7427e-06
9960 4.7002e-06
9970 4.6942e-06
9980 1.1013e-06
9990 4.6968e-06
10000 5.355e-07
