10 2.218e-07
20 3.624e-07
30 5.11e-07
40 6.331e-07
50 8.092e-07
60 9.215e-07
70 9.851e-07
80 1.1638e-06
90 1.2381e-06
100 1.4329e-06
110 1.5518e-06
120 1.609e-06
130 1.8204e-06
140 2.0253e-06
150 2.1971e-06
160 2.4654e-06
170 2.6363e-06
180 2.7799e-06
190 3.0274e-06
200 3.1326e-06
210 3.2414e-06
220 3.53e-06
230 4.2962e-06
240 4.4048e-06
250 4.5872e-06
260 4.3247e-06
270 4.274e-06
280 4.5882e-06
290 4.7556e-06
300 5.0736e-06
310 5.3246e-06
320 5.2977e-06
330 5.4259e-06
340 5.6896e-06
350 5.8594e-06
360 6.0387e-06
370 6.3192e-06
380 6.4801e-06
390 6.6579e-06
400 6.9539e-06
410 7.0718e-06
420 7.3268e-06
430 7.7034e-06
440 7.776e-06
450 9.1565e-06
460 8.2202e-06
470 1.10413e-05
480 9.828e-06
490 8.9653e-06
500 8.9931e-06
510 9.358e-06
520 9.66e-06
530 9.6007e-06
540 9.9603e-06
550 1.00962e-05
560 1.05493e-05
570 1.05493e-05
580 1.0625e-05
590 1.08765e-05
600 1.11248e-05
610 1.13254e-05
620 1.20288e-05
630 1.22701e-05
640 1.21306e-05
650 1.23305e-05
660 1.37123e-05
670 1.33409e-05
680 1.4339e-05
690 1.32637e-05
700 1.33947e-05
710 1.34172e-05
720 1.36956e-05
730 1.93493e-05
740 1.44503e-05
750 1.43619e-05
760 1.53506e-05
770 1.48496e-05
780 1.55082e-05
790 1.56994e-05
800 1.53456e-05
810 1.63027e-05
820 1.57459e-05
830 1.77043e-05
840 1.80731e-05
850 1.652e-05
860 1.68781e-05
870 1.72917e-05
880 1.82769e-05
890 1.82724e-05
900 1.76706e-05
910 1.79437e-05
920 1.84686e-05
930 1.84716e-05
940 1.89115e-05
950 1.8779e-05
960 1.88054e-05
970 1.98891e-05
980 1.97081e-05
990 1.99677e-05
1000 2.11192e-05
1010 2.19329e-05
1020 2.26706e-05
1030 2.04815e-05
1040 2.13913e-05
1050 2.20326e-05
1060 2.65202e-05
1070 2.23541e-05
1080 2.24997e-05
1090 2.44304e-05
1100 2.69316e-05
1110 2.43344e-05
1120 2.27862e-05
1130 2.27749e-05
1140 2.41843e-05
1150 2.38005e-05
1160 2.35806e-05
1170 2.42241e-05
1180 2.5239e-05
1190 2.47224e-05
1200 2.63123e-05
1210 2.72967e-05
1220 2.55682e-05
1230 2.57098e-05
1240 2.68166e-05
1250 2.59555e-05
1260 2.58306e-05
1270 2.72158e-05
1280 2.71573e-05
1290 2.70441e-05
1300 2.9161e-05
1310 2.93357e-05
1320 2.91827e-05
1330 2.80707e-05
1340 2.83793e-05
1350 2.92078e-05
1360 2.9131e-05
1370 2.94149e-05
1380 2.90833e-05
1390 2.92349e-05
1400 2.91312e-05
1410 3.03704e-05
1420 3.00408e-05
1430 3.08049e-05
1440 3.02927e-05
1450 3.07634e-05
1460 3.13462e-05
1470 3.07149e-05
1480 3.2175e-05
1490 3.21366e-05
1500 3.13316e-05
1510 3.17482e-05
1520 3.26329e-05
1530 3.2783e-05
1540 3.30264e-05
1550 3.29077e-05
1560 3.34965e-05
1570 3.32087e-05
1580 3.37121e-05
1590 3.54816e-05
1600 3.37361e-05
1610 3.46798e-05
1620 3.44144e-05
1630 3.45005e-05
1640 3.48332e-05
1650 3.62964e-05
1660 3.77953e-05
1670 3.64461e-05
1680 3.56196e-05
1690 3.59114e-05
1700 3.73243e-05
1710 3.63923e-05
1720 3.65041e-05
1730 3.73153e-05
1740 3.73948e-05
1750 4.02344e-05
1760 3.78343e-05
1770 3.79169e-05
1780 3.84329e-05
1790 3.88425e-05
1800 3.90662e-05
1810 3.91166e-05
1820 4.14472e-05
1830 3.94625e-05
1840 4.01182e-05
1850 4.49571e-05
1860 3.99071e-05
1870 4.09792e-05
1880 4.07987e-05
1890 4.13551e-05
1900 4.13643e-05
1910 4.15414e-05
1920 4.19797e-05
1930 4.20445e-05
1940 4.17847e-05
1950 4.23744e-05
1960 4.22208e-05
1970 4.32611e-05
1980 4.29993e-05
1990 4.39079e-05
2000 4.43735e-05
2010 4.42191e-05
2020 4.40685e-05
2030 4.42649e-05
2040 4.45348e-05
2050 4.52157e-05
2060 4.55787e-05
2070 4.73782e-05
2080 4.59789e-05
2090 4.78238e-05
2100 4.99008e-05
2110 4.67052e-05
2120 4.73662e-05
2130 5.08504e-05
2140 4.69126e-05
2150 4.9897e-05
2160 4.90382e-05
2170 4.75655e-05
2180 4.80436e-05
2190 4.85975e-05
2200 5.01313e-05
2210 5.33143e-05
2220 5.30318e-05
2230 5.35214e-05
2240 5.77523e-05
2250 5.61659e-05
2260 4.98732e-05
2270 5.22254e-05
2280 5.06644e-05
2290 5.5228e-05
2300 5.26652e-05
2310 5.45938e-05
2320 5.69372e-05
2330 5.46482e-05
2340 5.4195e-05
2350 5.53305e-05
2360 5.66852e-05
2370 5.71229e-05
2380 5.63597e-05
2390 6.28369e-05
2400 5.47207e-05
2410 5.72326e-05
2420 5.51168e-05
2430 5.65844e-05
2440 5.47682e-05
2450 5.884e-05
2460 5.64951e-05
2470 5.58839e-05
2480 5.99049e-05
2490 5.76299e-05
2500 5.61477e-05
2510 5.76388e-05
2520 5.7615e-05
2530 5.93698e-05
2540 5.79989e-05
2550 5.71207e-05
2560 5.74663e-05
2570 5.72784e-05
2580 5.9847e-05
2590 5.97265e-05
2600 6.02122e-05
2610 5.98247e-05
2620 6.17939e-05
2630 5.91755e-05
2640 5.94268e-05
2650 5.97938e-05
2660 5.99271e-05
2670 6.07159e-05
2680 6.29755e-05
2690 6.09515e-05
2700 6.18952e-05
2710 6.85244e-05
2720 6.25024e-05
2730 6.36739e-05
2740 6.2644e-05
2750 6.28534e-05
2760 6.26372e-05
2770 6.54823e-05
2780 6.57802e-05
2790 7.56766e-05
2800 6.39345e-05
2810 6.7297e-05
2820 6.47734e-05
2830 7.2765e-05
2840 6.69739e-05
2850 6.75055e-05
2860 6.70562e-05
2870 6.90686e-05
2880 6.69301e-05
2890 6.58322e-05
2900 6.64915e-05
2910 6.62428e-05
2920 6.64468e-05
2930 6.74816e-05
2940 7.67746e-05
2950 6.75769e-05
2960 7.25521e-05
2970 6.91606e-05
2980 6.87061e-05
2990 6.87281e-05
3000 7.10036e-05
3010 7.65621e-05
3020 7.02434e-05
3030 7.17407e-05
3040 7.00107e-05
3050 7.60133e-05
3060 7.53089e-05
3070 7.27951e-05
3080 7.24729e-05
3090 7.58743e-05
3100 7.21559e-05
3110 7.63234e-05
3120 7.28156e-05
3130 7.43227e-05
3140 7.37151e-05
3150 7.91097e-05
3160 7.7312e-05
3170 7.36938e-05
3180 7.52329e-05
3190 7.5221e-05
3200 7.53064e-05
3210 7.45956e-05
3220 7.75759e-05
3230 7.88445e-05
3240 7.79027e-05
3250 7.57565e-05
3260 7.62045e-05
3270 7.70376e-05
3280 7.66737e-05
3290 7.74728e-05
3300 8.30028e-05
3310 8.38603e-05
3320 8.0416e-05
3330 7.86789e-05
3340 8.26312e-05
3350 8.34286e-05
3360 7.8382e-05
3370 8.25914e-05
3380 7.89192e-05
3390 9.13814e-05
3400 9.02986e-05
3410 8.54182e-05
3420 8.45319e-05
3430 8.24384e-05
3440 8.33634e-05
3450 8.10365e-05
3460 8.06405e-05
3470 8.14242e-05
3480 8.15044e-05
3490 8.34757e-05
3500 8.62246e-05
3510 8.60146e-05
3520 9.29623e-05
3530 8.20998e-05
3540 8.71149e-05
3550 9.10001e-05
3560 0.000100779
3570 9.97851e-05
3580 0.000101033
3590 9.1598e-05
3600 8.95628e-05
3610 9.63293e-05
3620 9.06111e-05
3630 9.12429e-05
3640 9.01029e-05
3650 9.04844e-05
3660 8.76713e-05
3670 8.64932e-05
3680 8.63454e-05
3690 8.60381e-05
3700 8.70807e-05
3710 8.78805e-05
3720 8.85548e-05
3730 8.82417e-05
3740 8.75717e-05
3750 8.91686e-05
3760 8.8892e-05
3770 8.83948e-05
3780 8.95857e-05
3790 8.88862e-05
3800 8.94388e-05
3810 9.09241e-05
3820 9.00843e-05
3830 9.01897e-05
3840 9.02406e-05
3850 9.14256e-05
3860 9.22647e-05
3870 9.14219e-05
3880 9.15398e-05
3890 9.17841e-05
3900 9.12303e-05
3910 9.16874e-05
3920 9.27512e-05
3930 9.26018e-05
3940 9.24394e-05
3950 9.3414e-05
3960 9.33615e-05
3970 9.40528e-05
3980 9.4022e-05
3990 9.52252e-05
4000 9.54174e-05
4010 9.83687e-05
4020 9.47738e-05
4030 9.57887e-05
4040 9.63281e-05
4050 9.84433e-05
4060 9.82036e-05
4070 0.000100017
4080 9.6976e-05
4090 9.67134e-05
4100 9.80731e-05
4110 9.75813e-05
4120 9.77363e-05
4130 0.000113305
4140 0.000105003
4150 0.000105054
4160 0.000103675
4170 0.000101078
4180 0.000112704
4190 0.000115105
4200 0.000101823
4210 0.000100133
4220 0.000101706
4230 0.000100251
4240 0.000101507
4250 0.000103802
4260 0.000106324
4270 0.00011348
4280 0.000112933
4290 0.000104368
4300 0.000109471
4310 0.000110614
4320 0.000105243
4330 0.00011281
4340 0.000106635
4350 0.000104776
4360 0.00010681
4370 0.000111755
4380 0.000109764
4390 0.0001052
4400 0.000106405
4410 0.000105923
4420 0.000124179
4430 0.00010791
4440 0.000109102
4450 0.000115723
4460 0.000115415
4470 0.000114399
4480 0.000107741
4490 0.000111453
4500 0.000108582
4510 0.000108085
4520 0.000109325
4530 0.000110808
4540 0.000109935
4550 0.000109467
4560 0.000110156
4570 0.000109894
4580 0.000111591
4590 0.000114007
4600 0.000112656
4610 0.000112042
4620 0.000112104
4630 0.000112277
4640 0.000113503
4650 0.000116761
4660 0.00011217
4670 0.000112965
4680 0.000113411
4690 0.000113846
4700 0.000114053
4710 0.00011357
4720 0.000117197
4730 0.00011556
4740 0.000114795
4750 0.000117228
4760 0.000114769
4770 0.000115939
4780 0.00011572
4790 0.000121099
4800 0.000116499
4810 0.000116669
4820 0.00011618
4830 0.000116613
4840 0.000117122
4850 0.000116674
4860 0.000118261
4870 0.000118072
4880 0.000117302
4890 0.000117115
4900 0.000119548
4910 0.000119216
4920 0.000118938
4930 0.000119825
4940 0.000119662
4950 0.000119219
4960 0.000119787
4970 0.000119844
4980 0.000121462
4990 0.000121936
5000 0.000121181
5010 0.000121938
5020 0.000123963
5030 0.0001213
5040 0.000123039
5050 0.000123247
5060 0.000123007
5070 0.000123673
5080 0.00012444
5090 0.000124494
5100 0.000123412
5110 0.000124362
5120 0.00012415
5130 0.000125466
5140 0.000124742
5150 0.000126335
5160 0.000125245
5170 0.000125379
5180 0.000126499
5190 0.000129782
5200 0.000127083
5210 0.000127835
5220 0.000127563
5230 0.000126379
5240 0.00012747
5250 0.000127585
5260 0.000131026
5270 0.000134996
5280 0.00015365
5290 0.000147673
5300 0.000146267
5310 0.000159639
5320 0.00014928
5330 0.000147389
5340 0.000142905
5350 0.000151524
5360 0.000134577
5370 0.000133364
5380 0.000132297
5390 0.000133096
5400 0.000133459
5410 0.00013258
5420 0.000135722
5430 0.000133017
5440 0.000134009
5450 0.000134341
5460 0.000161816
5470 0.000137426
5480 0.000139166
5490 0.000138892
5500 0.000136772
5510 0.00013585
5520 0.000134799
5530 0.000135707
5540 0.000135994
5550 0.000135803
5560 0.000137766
5570 0.000137493
5580 0.000136877
5590 0.000137734
5600 0.0001392
5610 0.000141335
5620 0.000139857
5630 0.000141742
5640 0.000140159
5650 0.000140197
5660 0.000140462
5670 0.000140227
5680 0.000141816
5690 0.000143177
5700 0.000144206
5710 0.000147618
5720 0.000142702
5730 0.000143566
5740 0.000141104
5750 0.000147161
5760 0.000145625
5770 0.000144726
5780 0.000142139
5790 0.000148416
5800 0.000144786
5810 0.00014327
5820 0.000143933
5830 0.000144881
5840 0.000145861
5850 0.000147255
5860 0.000149158
5870 0.000148227
5880 0.000148205
5890 0.000146896
5900 0.00014797
5910 0.000146547
5920 0.000145882
5930 0.000147272
5940 0.000148168
5950 0.000146368
5960 0.000147671
5970 0.000149512
5980 0.000153721
5990 0.000155945
6000 0.000151264
6010 0.000164198
6020 0.000163129
6030 0.000155201
6040 0.000163658
6050 0.00015175
6060 0.000158987
6070 0.000150566
6080 0.000150786
6090 0.000155468
6100 0.000151006
6110 0.000153715
6120 0.000152208
6130 0.000162287
6140 0.000154082
6150 0.000152528
6160 0.000157866
6170 0.000158768
6180 0.000185069
6190 0.000168981
6200 0.000156972
6210 0.000156808
6220 0.000155021
6230 0.0001562
6240 0.0001581
6250 0.000176293
6260 0.000158747
6270 0.000157607
6280 0.000155224
6290 0.000157043
6300 0.000175521
6310 0.000159539
6320 0.000157992
6330 0.000157933
6340 0.000156773
6350 0.000159552
6360 0.000167288
6370 0.000168022
6380 0.000159345
6390 0.000158156
6400 0.000161624
6410 0.000159563
6420 0.000159936
6430 0.000163189
6440 0.000160628
6450 0.000163462
6460 0.000162294
6470 0.000163167
6480 0.00016113
6490 0.000165045
6500 0.000163623
6510 0.000162626
6520 0.000164443
6530 0.000162831
6540 0.000162365
6550 0.000164387
6560 0.000164699
6570 0.000163562
6580 0.000163586
6590 0.000164828
6600 0.000165571
6610 0.000165583
6620 0.000165043
6630 0.000165968
6640 0.000166218
6650 0.000167392
6660 0.000166508
6670 0.000168805
6680 0.000168075
6690 0.000166953
6700 0.000167902
6710 0.000170272
6720 0.000170619
6730 0.000169818
6740 0.000169742
6750 0.000172637
6760 0.000172005
6770 0.000168522
6780 0.000169247
6790 0.00017182
6800 0.000171324
6810 0.00016929
6820 0.000170625
6830 0.000171034
6840 0.0001718
6850 0.000172932
6860 0.000173032
6870 0.000171623
6880 0.000172067
6890 0.00017401
6900 0.000173384
6910 0.000172742
6920 0.000172732
6930 0.000175123
6940 0.000178462
6950 0.000177551
6960 0.000175455
6970 0.000175761
6980 0.000177563
6990 0.000178131
7000 0.000183264
7010 0.000200611
7020 0.000212105
7030 0.00018218
7040 0.000178494
7050 0.000178506
7060 0.000178256
7070 0.00017817
7080 0.000178299
7090 0.00017935
7100 0.000181699
7110 0.000188755
7120 0.000183565
7130 0.000191735
7140 0.000180376
7150 0.000179141
7160 0.00018086
7170 0.000184135
7180 0.000189125
7190 0.000182387
7200 0.00018313
7210 0.000182076
7220 0.000181795
7230 0.000183631
7240 0.000184605
7250 0.000184365
7260 0.000185212
7270 0.000191431
7280 0.000184111
7290 0.000184273
7300 0.000184994
7310 0.00018584
7320 0.000185056
7330 0.000185464
7340 0.000184669
7350 0.000185257
7360 0.000185504
7370 0.000185955
7380 0.000186128
7390 0.000187579
7400 0.000187588
7410 0.000188368
7420 0.000187267
7430 0.00018961
7440 0.000188301
7450 0.000188554
7460 0.000188693
7470 0.000188802
7480 0.000191066
7490 0.000190055
7500 0.000189469
7510 0.000190508
7520 0.000192139
7530 0.000192283
7540 0.00019396
7550 0.000192306
7560 0.000191632
7570 0.000193057
7580 0.000193015
7590 0.00019275
7600 0.000192413
7610 0.000193207
7620 0.000192911
7630 0.000193282
7640 0.000193349
7650 0.00019386
7660 0.000194856
7670 0.000194382
7680 0.00020783
7690 0.000221729
7700 0.000197549
7710 0.000196821
7720 0.000197731
7730 0.000196963
7740 0.000200966
7750 0.000198318
7760 0.000201531
7770 0.000198536
7780 0.00019788
7790 0.000199565
7800 0.000200656
7810 0.000198722
7820 0.000200138
7830 0.000199572
7840 0.000198816
7850 0.000201231
7860 0.000200337
7870 0.000201482
7880 0.000201595
7890 0.000201256
7900 0.000202072
7910 0.000201378
7920 0.000201221
7930 0.00020287
7940 0.000203566
7950 0.000202711
7960 0.000204794
7970 0.000208524
7980 0.000211893
7990 0.00023663
8000 0.000223813
8010 0.000220155
8020 0.000208944
8030 0.00020647
8040 0.000210192
8050 0.000206158
8060 0.000207196
8070 0.00020816
8080 0.000210108
8090 0.000217297
8100 0.000213561
8110 0.000238795
8120 0.000239534
8130 0.00023005
8140 0.000211183
8150 0.000209185
8160 0.000211691
8170 0.000207706
8180 0.000210596
8190 0.000209862
8200 0.000211147
8210 0.000211033
8220 0.000210803
8230 0.000209785
8240 0.000213828
8250 0.000215335
8260 0.000221873
8270 0.000218969
8280 0.000212931
8290 0.000214408
8300 0.000214004
8310 0.000212715
8320 0.000212825
8330 0.000213767
8340 0.000215071
8350 0.000213829
8360 0.000215142
8370 0.00021504
8380 0.000215306
8390 0.000218856
8400 0.000219817
8410 0.000222171
8420 0.000217666
8430 0.000217166
8440 0.000218226
8450 0.000217354
8460 0.00022079
8470 0.000218589
8480 0.000220704
8490 0.000217562
8500 0.000220536
8510 0.000221812
8520 0.000218919
8530 0.000219087
8540 0.00021985
8550 0.000221749
8560 0.000219007
8570 0.000220731
8580 0.00022106
8590 0.000220212
8600 0.000222311
8610 0.000222932
8620 0.000224493
8630 0.000224615
8640 0.000225738
8650 0.000223187
8660 0.000224523
8670 0.000224085
8680 0.000221894
8690 0.000225375
8700 0.000224517
8710 0.000223349
8720 0.000224991
8730 0.0002268
8740 0.000225395
8750 0.000227832
8760 0.000225978
8770 0.000226156
8780 0.00022641
8790 0.000225282
8800 0.000227711
8810 0.000226126
8820 0.000226456
8830 0.000227828
8840 0.000227641
8850 0.000229394
8860 0.000229916
8870 0.000228758
8880 0.000231538
8890 0.00023554
8900 0.000242651
8910 0.000244608
8920 0.000245798
8930 0.000236622
8940 0.000233321
8950 0.000247603
8960 0.000235467
8970 0.00024867
8980 0.000233415
8990 0.000234479
9000 0.000233605
9010 0.000239574
9020 0.000232376
9030 0.000233794
9040 0.000235162
9050 0.000235655
9060 0.000234408
9070 0.000236632
9080 0.00023789
9090 0.000234384
9100 0.000236329
9110 0.000235139
9120 0.00023662
9130 0.000235685
9140 0.000235963
9150 0.000242352
9160 0.000240166
9170 0.000240937
9180 0.000243526
9190 0.000242918
9200 0.000239781
9210 0.000243142
9220 0.000249956
9230 0.000258689
9240 0.000247571
9250 0.000242299
9260 0.000255048
9270 0.000264029
9280 0.000267582
9290 0.000274451
9300 0.00027397
9310 0.000264706
9320 0.000253517
9330 0.000243933
9340 0.00024464
9350 0.000242207
9360 0.000243718
9370 0.000244363
9380 0.000243235
9390 0.000246212
9400 0.000246581
9410 0.000243375
9420 0.000243175
9430 0.000243253
9440 0.000244555
9450 0.000248666
9460 0.000246859
9470 0.000250527
9480 0.000276434
9490 0.000250934
9500 0.000265286
9510 0.000256637
9520 0.000249447
9530 0.000248337
9540 0.000254695
9550 0.000260746
9560 0.000267532
9570 0.00025437
9580 0.000249075
9590 0.000252527
9600 0.000250094
9610 0.000248664
9620 0.000250279
9630 0.000254914
9640 0.000252873
9650 0.00025237
9660 0.000251951
9670 0.00025268
9680 0.000251952
9690 0.000251497
9700 0.000251783
9710 0.000251705
9720 0.000255057
9730 0.000254647
9740 0.000253726
9750 0.000255392
9760 0.000254767
9770 0.000259059
9780 0.000256095
9790 0.000254299
9800 0.000254274
9810 0.000256385
9820 0.000255406
9830 0.000257266
9840 0.000255985
9850 0.000259896
9860 0.000256999
9870 0.000256928
9880 0.000258229
9890 0.000257571
9900 0.000259004
9910 0.000260466
9920 0.000257564
9930 0.000259511
9940 0.000260336
9950 0.000260933
9960 0.000260062
9970 0.000261318
9980 0.000260951
9990 0.000262842
10000 0.000267534
