10 8.09e-08
20 1.311e-07
30 2.083e-07
40 2.709e-07
50 3.212e-07
60 3.852e-07
70 5.287e-07
80 5.593e-07
90 7.078e-07
100 8.825e-07
110 8.704e-07
120 6.648e-07
130 7.744e-07
140 8.103e-07
150 8.513e-07
160 1.0574e-06
170 1.0943e-06
180 1.1312e-06
190 1.2061e-06
200 1.2365e-06
210 1.3872e-06
220 1.5392e-06
230 1.5131e-06
240 1.6007e-06
250 1.6368e-06
260 1.691e-06
270 1.7293e-06
280 1.8679e-06
290 1.9319e-06
300 2.0002e-06
310 2.1557e-06
320 2.2479e-06
330 2.367e-06
340 2.4254e-06
350 2.5155e-06
360 2.6011e-06
370 2.6377e-06
380 2.7451e-06
390 2.8835e-06
400 3.059e-06
410 3.0899e-06
420 3.1302e-06
430 3.2206e-06
440 3.7092e-06
450 3.3811e-06
460 3.5018e-06
470 3.7743e-06
480 3.8264e-06
490 3.8414e-06
500 3.8734e-06
510 4.0902e-06
520 4.1149e-06
530 4.2567e-06
540 4.76e-06
550 5.0053e-06
560 4.5185e-06
570 4.656e-06
580 4.7646e-06
590 4.8284e-06
600 5.0412e-06
610 4.9498e-06
620 5.2031e-06
630 5.285e-06
640 5.3992e-06
650 5.8107e-06
660 5.4484e-06
670 5.9219e-06
680 5.8064e-06
690 6.2011e-06
700 6.3435e-06
710 6.8397e-06
720 6.1399e-06
730 6.2079e-06
740 6.3869e-06
750 6.4902e-06
760 6.6156e-06
770 6.5215e-06
780 6.6261e-06
790 6.7849e-06
800 6.8899e-06
810 7.024e-06
820 7.4328e-06
830 7.0674e-06
840 7.2687e-06
850 7.4051e-06
860 7.4458e-06
870 7.6658e-06
880 7.652e-06
890 7.6141e-06
900 7.8096e-06
910 7.8601e-06
920 8.2549e-06
930 8.1885e-06
940 8.1495e-06
950 8.4289e-06
960 8.4409e-06
970 8.5879e-06
980 8.7555e-06
990 8.8051e-06
1000 8.8756e-06